%YAML:1.0
---
camera_matrix: !!opencv-matrix
   rows: 3
   cols: 3
   dt: d
   data: [ 264.13451099999997, 0., 639.72880599999996, 0.,
       264.13451099999997, 479.87377300000003, 0., 0., 1. ]
dist_coeffs: !!opencv-matrix
   rows: 4
   cols: 1
   dt: d
   data: [ -0.0015319999999999999, 1.9999999999999999e-06, 0., 0. ]
resolution: !!opencv-matrix
   rows: 2
   cols: 1
   dt: i
   data: [ 1280, 960 ]
project_matrix: !!opencv-matrix
   rows: 3
   cols: 3
   dt: d
   data: [ -0.29282883258574788, -1.2707660982143005, 682.52031954461086,
       0.070727928317154035, -0.83152649741242024, 424.50208810355889,
       0.00030604354559264532, -0.0030745070834508554, 1. ]
scale_xy: !!opencv-matrix
   rows: 2
   cols: 1
   dt: f
   data: [ 1., 1. ]
shift_xy: !!opencv-matrix
   rows: 2
   cols: 1
   dt: f
   data: [ 0., 0. ]
